C:\Users\hp>jstat -gc 19584 1000 5
 S0C    S1C    S0U    S1U      EC       EU        OC         OU       MC     MU    CCSC   CCSU   YGC     YGCT    FGC    FGCT    CGC    CGCT     GCT
 0.0    0.0    0.0    0.0   63488.0   3072.0   269312.0   195026.3  45824.0 44090.1 5888.0 5167.6      6    0.024   4      0.060   6      0.006    0.090
 0.0    0.0    0.0    0.0   63488.0   3072.0   269312.0   195026.3  45824.0 44090.1 5888.0 5167.6      6    0.024   4      0.060   6      0.006    0.090
 0.0    0.0    0.0    0.0   63488.0   3072.0   269312.0   195026.3  45824.0 44090.1 5888.0 5167.6      6    0.024   4      0.060   6      0.006    0.090
 0.0    0.0    0.0    0.0   63488.0   3072.0   269312.0   195026.3  45824.0 44090.1 5888.0 5167.6      6    0.024   4      0.060   6      0.006    0.090
 0.0    0.0    0.0    0.0   63488.0   3072.0   269312.0   195026.3  45824.0 44090.1 5888.0 5167.6      6    0.024   4      0.060   6      0.006    0.090

C:\Users\hp>jstat -gcutil 19584 1000 5
  S0     S1     E      O      M     CCS    YGC     YGCT    FGC    FGCT    CGC    CGCT     GCT
  0.00   0.00   4.84  72.42  96.22  87.77      6    0.024     4    0.060     6    0.006    0.090
  0.00   0.00   4.84  72.42  96.22  87.77      6    0.024     4    0.060     6    0.006    0.090
  0.00   0.00   4.84  72.42  96.22  87.77      6    0.024     4    0.060     6    0.006    0.090
  0.00   0.00   4.84  72.42  96.22  87.77      6    0.024     4    0.060     6    0.006    0.090